Zhenyue Fu 28620112

function decomp_LU decompose le matrice A
1.00    1.00    1.00    1.00    1.00
1.00    -1.00   1.00    1.00    1.00
1.00    -2.00   2.00    0.00    1.00
1.00    -3.00   6.00    -6.00   -2.00
1.00    -4.00   12.00   -24.00  24.00

Ensuite, inversez les parties supérieure et inférieure séparément.
1.00    -1.00   0.00    0.00    0.00
1.00    -1.00   -1.00   -1.00   -2.00
0.50    -1.00   0.50    -0.00   -1.00
0.17    -0.50   0.50    -0.17   2.00
0.04    -0.17   0.25    -0.17   0.04

Enfin, L'inverse de A est le produit de L^-1 et U^-1
0.00    1.00    0.00    0.00    0.00
0.25    0.83    -1.50   0.50    -0.08
0.46    -0.83   0.25    0.17    -0.04
0.25    -0.83   1.00    -0.50   0.08
0.04    -0.17   0.25    -0.17   0.04